-------------------------------------------
|  7   1   5  |  2   3   4  |  8   9   6  |
|  6   8   9  |  5   7   1  |  4   2   3  |
|  3   4   2  |  8   9   6  |  7   5   1  |
|-----------------------------------------|
|  4   3   8  |  6   5   7  |  9   1   2  |
|  1   9   7  |  3   2   8  |  5   6   4  |
|  5   2   6  |  1   4   9  |  3   7   8  |
|-----------------------------------------|
|  8   5   1  |  7   6   3  |  2   4   9  |
|  2   6   4  |  9   8   5  |  1   3   7  |
|  9   7   3  |  4   1   2  |  6   8   5  |
-------------------------------------------